SENTINEL-1A
1 39634U 14016A   26276.27766264  .00000290  00000+0  70324-4 0  9990
2 39634  98.1600 282.1124 0001469  83.5103 276.6264 14.59810288665782
SENTINEL-2A
1 40697U 15028A   26276.32654622  .00000104  00000+0  56215-4 0  9992
2 40697  98.5647 349.6023 0001073  88.9233 271.2073 14.30819568589197
SENTINEL-2B
1 42063U 17013A   26276.24946514  .00000061  00000+0  39807-4 0  9992
2 42063  98.5692 349.4712 0001136  88.6230 271.5083 14.30818039500091
SENTINEL-2C
1 60989U 24157A   26276.21452326  .00000041  00000+0  32142-4 0  9999
2 60989  98.5703 349.4426 0001154  82.0996 278.0318 14.30816982108430
LANDSAT 8
1 39084U 13008A   26276.24848556  .00000159  00000+0  45367-4 0  9994
2 39084  98.2196 345.0394 0001306  94.5566 265.5782 14.57107524713635
LANDSAT 9
1 49260U 21088A   26276.14553867  .00000150  00000+0  43381-4 0  9990
2 49260  98.2176 344.9559 0001439  89.9540 270.1824 14.57106002266720
TERRA
1 25994U 99068A   26276.28732850  .00000167  00000+0  42886-4 0  9994
2 25994  97.9337 321.4858 0001141 219.5519 211.0261 14.61168948425393
AQUA
1 27424U 02022A   26276.25673623  .00000422  00000+0  93683-4 0  9992
2 27424  98.4426 247.7760 0001135  62.4511  62.8039 14.62220671299061
SUOMI NPP
1 37849U 11061A   26276.25399032  .00000048  00000+0  44047-4 0  9990
2 37849  98.8036 216.4227 0002376  41.0406 319.0949 14.19536375773774
